3.288737865
136.3500371
199.0241167
17.82330619
41.65283033
300.5668585
32.51922606
3.290875458
100.1078249
192.3971013
127.3533809
201.5559595
69.26694631
211.4486718
83.92305967
145.0563891
635.5658954
0.041834687
101.1346714
188.2804233
272.6804937
5.471462453
202.5963419
124.6890437
384.6166178
109.7053644
118.3526608
15.96550055
118.3526608
96.5166699
91.7410135
366.0905989
111.008627
19.43964064
204.7633411
155.2602981
363.0020318
131.3667764
386.0669891
297.1912102
306.987134
52.61551253
322.5213366
363.0727128
96.45342599
301.0921718
301.0902579
300.1998498
101.2765882
203.8609049
67.66092602
78.9245059
135.5080805
121.067118
311.5034234
221.6261759
112.9334539
313.0683319
104.488191
257.8153797
415.0110069
275.1845255
315.3083909
80.4206297
301.627565
368.7139515
185.9521656
453.0122381
110.1799074
430.5190975
110.5883138
302.69483
424.1082813
225.2330188
254.0020345
184.5939834
438.7321161
250.3344328
258.9268516
189.9599324
236.5816765
188.9455371
263.9354217
326.6246086
353.8635862
186.1661179
352.1868688
269.6966068
341.1146463
71.9166915
317.5923763
334.5169117
129.8892485
264.1472068
279.2737833
202.6915345
334.5169117
263.7096225
252.0267107
218.5524258
105.2511369
233.7842453
225.1321558
217.1285296
217.1578929
160.0318106
0.008973932
121.0465691
20.9845627
103.2876857
0.072193473
0.011573866
0.002387032
340.449055
20.26799411
97.28299094
200.8616688
3.932221974
126.6505259
40.97747344
503.0448543
0.040399465
32.8438671
0.117428989
113.1474123
104.0082406
0.031982412
175.8584954
77.02491891
0.113184108
4.962120553
0.115539715
0.0859799
3.437471241
154.819427
12.9265911
87.2949413
0.573096123
85.42356779
28.97017179
16.03212831
254.7361264
0.086437736
0.426258052
94.07297633
106.6678649
145.7917599
219.0123675
68.93263275
3.076858756
149.7581589
227.8898298
62.10160731
0.496815856
142.7505281
4.834813359
0.012014448
1.922573064
59.62845665
0.341094881
79.23036103
0.448435493
0.20310246
8.218315944
70.03234592
59.00816462
193.8887631
190.3077879
120.1017666
167.9222154
0.672817288
106.0812944
295.611262
0.170034063
0.185954493
60.8691182
18.18947679
8.918239545
13.36999105
60.66962693
56.55032026
191.899939
3.45793843
1.85284181
8.409011121
57.08963767
0.987471898
35.61963587
105.8738139
79.59414453
17.02319401
0.370939517
0.047504998
20.19246178
54.33634196
141.300514
74.60089406
54.9029
54.78161424
65.03651043
109.8920405
107.1923102
257.7153861
264.1487392
264.1474078
92.77032892
0.210213413
102.9041062
50.68682733
19.34378307
192.1180487
27.03660847
60.21899614
184.5054174
16.95782886
137.7490375
97.49945403
122.8668955
91.54274393
17.1626713
3.436905218
230.2254412
185.6830544
242.5697593
243.0968401
47.18217286
0.867684663
93.39858958
171.7450635
155.3204801
0.835585233
17.45536156
177.6379607
217.3391751
0.57829642
4.329424495
93.46121062
0.217263148
0.217428269
88.47691485
45.09376688
92.17305243
233.8609137
129.2015342
39.99678138
217.1274359
135.6150556
217.1567993
166.0586673
79.31315724
51.47631113
115.5179243
70.64030791
89.3787116
26.69080068
43.83312441
62.14353952
89.47227479
51.15197512
110.9837224
0.74044201
153.6632379
196.1218921
1.038619935
69.37998988
82.8117183
112.2638171
73.96536106
169.0884313
110.753893
183.8399763
184.2811975
146.3239028
121.3852774
142.1991365
65.49375719
45.32867161
79.18063881
143.0920185
178.8568915
178.853492
97.54301461
41.93881501
42.4146796
69.87018173
105.5132471
51.67868216
168.317193
72.4577447
7.646576476
79.74935779
135.1390157
68.00381022
81.36717668
97.72365851
9.49247268
115.2272509
133.3239241
118.1185012
152.0361063
120.869094
13.69950875
123.9328852
22.03978483
143.0819349
138.8543514
148.3271861
143.8525645
94.91726125
103.3638636
131.5184116
172.0684351
126.7253913
126.6972109
126.6972109
126.6972109
126.6973072
126.6972109
126.6973072
126.6973072
126.6972109
126.6978489
126.6972109
126.6972109
126.6973072
126.6972109
126.6972109
126.6973072
126.6972109
126.6973072
126.6973072
126.6973072
147.5305592
126.6973072
126.6972109
126.6972109
126.6972109
126.6973072
126.6973072
126.6972109
126.6972109
127.355998
126.6973072
126.6973072
126.6973072
126.6978489
126.6974036
126.6973072
126.6979452
126.6979452
126.6973072
126.6972109
124.1151827
0.72996296
109.6725654
0.008511582
25.43584611
119.5929533
0.452875998
0.588517945
0.545679856
110.1034169
209.8256297
100.1403242
0.849681095
0.01079062
95.99479285
3.320116373
0.120432114
118.3677436
2.822704217
5.638045568
0.107486901
117.0350202
24.6943679
30.82447901
117.8404025
79.23661068
116.0037201
75.06548091
0.220518544
0.077307223
0.157230444
0.093215696
170.3406074
68.66159841
0.143824343
60.07689758
0.050488787
2.677112653
21.65008355
32.37865251
3.26799285
317.7849679
2.328915382
11.89796059
150.6112471
102.0455059
0.314395625
146.1405963
0.080532854
0.001924687
0.101010477
40.11621191
0.002778248
0.03896869
0.217263148
0.030368419
0.134331221
0.041160943
170.0261648
0.127163125
3.447701224
0.005478331
97.3045839
307.4499408
209.5612032
0.823567106
0.203230889
0.034474311
0.435747259
0.007828719
0.403683202
0.042345929
0.62488161
0.798783027
0.090401196
4.818722662
107.0672195
0.024324247
2.549986734
1.035890444
0.785638863
11.61090922
86.07145941
13.07084445
67.20690703
23.99688284
173.7611859
0.002849379
0.004986966
0.022735853
2.686232218
0.010612609
0.163724877
2.290101396
66.5553149
0.011573861
25.42181812
121.7257379
0.027119013
0.043877062
79.94765774
111.8599847
77.9457229
45.58586399
110.5722386
184.691969
211.0117609
104.0763671
3.006183576
0.573397049
3.585250768
14.05051546
0.010612609
0.049076938
47.30617544
0.059258726
125.1411771
301.5431458
10.39416309
17.05971861
77.99537876
12.02912157
0.410816449
22.904262
21.64716952
70.52326884
0.010196838
5.468395559
20.66027526
2.433767656
0.173716912
0.654480437
5.078197552
