0.211111111
0.144444444
0.113636364
0.244444444
0.066666667
0.1
0.304761905
0.211111111
0.122222222
0.070769231
0.145454545
0.118181818
0.147619048
0.075098814
0.125
0.211111111
0.233333333
0.143939394
0.079545455
0.163636364
0.125
0.115384615
0.196969697
0.188888889
0.25
0.177777778
0.3
0.114379085
0.311111111
0.153846154
0.166666667
0.242424242
0.181818182
0.243589744
0.189393939
0.092391304
0.181818182
0.166666667
0.181818182
0.333333333
0.333333333
0.163043478
0.171428571
0.356060606
0.288461538
0.145833333
0.166666667
0.204545455
0.171957672
0.288888889
0.219298246
0.248768473
0.18627451
0.311111111
0.291666667
0.444444444
0.281818182
0.192810458
0.363636364
0.215686275
0.327272727
0.25
0.17251462
0.423076923
0.184210526
0.325757576
0.261666667
0.346153846
0.352564103
0.365384615
0.454545455
0.228947368
0.466666667
0.466666667
0.220779221
0.409090909
0.433333333
0.371323529
0.454545455
0.371345029
0.418181818
0.379120879
0.435897436
0.423076923
0.308823529
0.397435897
0.4
0.483516484
0.43956044
0.395256917
0.4875
0.375816993
0.43956044
0.492094862
0.382352941
0.475862069
0.483660131
0.432806324
0.445652174
0.401709402
0.363636364
0.489230769
0.492877493
0.482804233
0.481481481
0.447368421
0.133333333
0.122222222
0.233333333
0.188888889
0.155555556
0.111111111
0.111111111
0.2
0.181818182
0.154545455
0.118181818
0.1
0.127272727
0.4
0.463636364
0.127272727
0.454545455
0.113636364
0.121212121
0.106060606
0.185897436
0.141025641
0.096153846
0.076923077
0.166666667
0.134615385
0.185897436
0.256410256
0.08974359
0.142857143
0.126373626
0.148351648
0.087912088
0.082417582
0.148351648
0.258241758
0.095238095
0.080952381
0.076923077
0.095238095
0.1
0.123809524
0.166666667
0.082417582
0.15
0.104166667
0.069852941
0.095588235
0.077205882
0.102941176
0.091666667
0.166666667
0.091503268
0.081699346
0.264705882
0.094771242
0.075163399
0.088235294
0.140522876
0.133986928
0.153594771
0.108187135
0.137426901
0.119883041
0.061403509
0.087719298
0.116959064
0.055263158
0.089473684
0.086842105
0.052631579
0.05952381
0.061904762
0.071428571
0.047619048
0.047619048
0.08008658
0.058441558
0.045454545
0.069264069
0.062770563
0.149350649
0.082251082
0.056277056
0.108695652
0.061264822
0.061264822
0.077075099
0.158102767
0.043478261
0.112554113
0.063241107
0.130434783
0.055335968
0.045454545
0.229249012
0.079051383
0.381422925
0.446640316
0.123188406
0.054347826
0.14673913
0.041666667
0.15942029
0.057971014
0.18115942
0.067028986
0.101449275
0.052536232
0.128623188
0.078333333
0.095
0.198333333
0.055
0.058333333
0.055
0.105
0.178333333
0.211666667
0.066153846
0.041538462
0.078461538
0.052307692
0.105413105
0.054131054
0.092592593
0.085470085
0.34045584
0.060846561
0.113756614
0.099206349
0.152116402
0.041005291
0.071428571
0.063492063
0.075396825
0.038461538
0.038359788
0.062169312
0.099206349
0.158730159
0.150793651
0.065270936
0.035714286
0.060344828
0.039408867
0.091133005
0.08045977
0.043678161
0.220689655
0.055172414
0.122988506
0.076344086
0.047311828
0.139784946
0.083870968
0.105376344
0.053427419
0.041330645
0.050403226
0.044354839
0.096590909
0.056818182
0.060606061
0.056818182
0.03030303
0.046401515
0.051136364
0.049242424
0.054367201
0.054367201
0.034759358
0.448306595
0.065953654
0.059714795
0.090756303
0.029411765
0.060504202
0.102521008
0.031092437
0.030252101
0.141176471
0.09047619
0.125396825
0.028571429
0.036786787
0.046546547
0.035285285
0.051209104
0.073549258
0.049932524
0.06474359
0.035897436
0.080769231
0.048076923
0.045512821
0.024390244
0.051829268
0.02804878
0.031097561
0.04695122
0.132926829
0.118493909
0.063953488
0.03236715
0.021719858
0.040336879
0.090425532
0.057624113
0.020833333
0.026152482
0.091312057
0.02748227
0.057624113
0.107269504
0.054078014
0.046099291
0.026152482
0.078014184
0.023049645
0.041223404
0.082003546
0.136968085
0.058510638
0.04787234
0.03856383
0.053634752
0.070921986
0.142730496
0.03679078
0.140957447
0.042553191
0.056737589
0.120567376
0.380319149
0.052748227
0.066046099
0.11037234
0.07535461
0.075797872
0.08820922
0.093085106
0.125886525
0.266400709
0.242021277
0.189716312
0.077806122
0.109090909
0.294871795
0.266666667
0.071428571
0.08
0.121794872
0.159090909
0.217948718
0.243589744
0.266666667
0.155555556
0.151515152
0.212418301
0.230769231
0.144444444
0.1
0.122222222
0.066666667
0.141025641
0.1
0.078947368
0.133333333
0.173076923
0.133333333
0.091666667
0.412891986
0.076923077
0.136363636
0.114285714
0.056923077
0.097402597
0.174242424
0.057971014
0.116666667
0.069047619
0.082417582
0.082417582
0.073684211
0.090909091
0.111111111
0.188888889
0.088235294
0.1125
0.180952381
0.22
0.092105263
0.050497866
0.069852941
0.166666667
0.127272727
0.07
0.076923077
0.058823529
0.178571429
0.091911765
0.143939394
0.170995671
0.083333333
0.068421053
0.094771242
0.113636364
0.041025641
0.177777778
0.209359606
0.118181818
0.121212121
0.071428571
0.115384615
0.118181818
0.147783251
0.089473684
0.076923077
0.0625
0.153594771
0.104761905
0.058479532
0.1
0.166666667
0.121323529
0.122222222
0.079166667
0.083333333
0.055263158
0.068067227
0.141025641
0.12962963
0.1
0.1
0.102564103
0.098484848
0.090909091
0.0625
0.066176471
0.108225108
0.1
0.058823529
0.1
0.1
0.1
0.067816092
0.068627451
0.062678063
0.072649573
0.1
0.106060606
0.092857143
0.090909091
0.058823529
0.083333333
0.115873016
0.105263158
0.090909091
0.1
0.08615222
0.090909091
0.075
0.124183007
0.104166667
0.1
0.091666667
0.055555556
0.071428571
0.091954023
0.1
0.091503268
0.083333333
0.076923077
0.088768116
0.080952381
0.076923077
0.083333333
0.071428571
