1.9
1.3
1.25
2.2
1.6
0.9
4.266666667
1.9
1.1
1.769230769
1.454545455
1.181818182
2.066666667
1.652173913
2
1.9
2.1
1.583333333
2.545454545
1.636363636
1.875
1.384615385
2.166666667
1.7
3
1.6
2.7
1.944444444
2.8
1.846153846
1.833333333
2.666666667
1.818181818
2.923076923
2.083333333
2.125
2
1.833333333
1.818181818
3.666666667
3
3.75
2.4
3.916666667
3.461538462
2.1875
2.5
2.25
4.642857143
2.6
3.947368421
6.965517241
3.166666667
2.8
4.375
4
2.818181818
3.277777778
4
3.666666667
3.272727273
3
3.105263158
5.076923077
3.5
3.583333333
6.28
4.153846154
4.230769231
4.384615385
4.545454545
4.35
4.2
4.2
4.636363636
4.5
3.9
5.941176471
5
6.684210526
4.181818182
4.928571429
5.230769231
5.5
4.941176471
4.769230769
6
6.285714286
5.714285714
8.695652174
7.3125
6.388888889
5.714285714
10.82608696
6.5
13.8
8.222222222
9.52173913
10.25
10.44444444
8
12.23076923
12.81481481
13.03571429
13
16.55263158
1.2
1.1
2.1
1.7
1.4
1
1
2
1.818181818
1.545454545
1.181818182
1
1.272727273
4
4.636363636
1.272727273
5
1.25
1.333333333
1.166666667
2.230769231
1.692307692
1.153846154
0.923076923
2
1.615384615
2.230769231
3.076923077
1.076923077
1.857142857
1.642857143
1.928571429
1.142857143
1.071428571
1.928571429
3.357142857
1.333333333
1.133333333
0.923076923
1.333333333
1.4
1.733333333
2.5
1.071428571
2.25
1.5625
1.117647059
1.529411765
1.235294118
1.647058824
1.375
2.833333333
1.555555556
1.388888889
4.5
1.611111111
1.277777778
1.5
2.388888889
2.277777778
2.611111111
1.947368421
2.473684211
2.157894737
1.105263158
1.578947368
2.105263158
1.05
1.7
1.65
1
1.19047619
1.238095238
1.428571429
0.952380952
0.952380952
1.681818182
1.227272727
0.954545455
1.454545455
1.318181818
3.136363636
1.727272727
1.181818182
2.391304348
1.347826087
1.347826087
1.695652174
3.47826087
0.956521739
2.363636364
1.391304348
2.869565217
1.217391304
1
5.043478261
1.739130435
8.391304348
9.826086957
2.833333333
1.25
3.375
0.958333333
3.666666667
1.333333333
4.166666667
1.541666667
2.333333333
1.208333333
2.958333333
1.88
2.28
4.76
1.32
1.4
1.32
2.52
4.28
5.08
1.653846154
1.038461538
1.961538462
1.307692308
2.740740741
1.407407407
2.407407407
2.222222222
8.851851852
1.642857143
3.071428571
2.678571429
4.107142857
1.107142857
1.928571429
1.714285714
2.035714286
0.961538462
1.035714286
1.678571429
2.678571429
4.285714286
4.071428571
1.827586207
1
1.689655172
1.103448276
2.551724138
2.333333333
1.266666667
6.4
1.6
3.566666667
2.290322581
1.419354839
4.193548387
2.516129032
3.161290323
1.65625
1.28125
1.5625
1.375
3.090909091
1.818181818
1.939393939
1.818181818
0.96969697
1.484848485
1.636363636
1.575757576
1.794117647
1.794117647
1.147058824
14.79411765
2.176470588
1.970588235
3.085714286
1
2.057142857
3.485714286
1.057142857
1.028571429
4.8
3.166666667
4.388888889
1
1.324324324
1.675675676
1.27027027
1.894736842
2.794871795
1.897435897
2.525
1.4
3.15
1.875
1.775
0.975609756
2.073170732
1.12195122
1.243902439
1.87804878
5.317073171
4.976744186
2.75
1.456521739
1.020833333
1.895833333
4.25
2.708333333
0.979166667
1.229166667
4.291666667
1.291666667
2.708333333
5.041666667
2.541666667
2.166666667
1.229166667
3.666666667
1.083333333
1.9375
3.854166667
6.4375
2.75
2.25
1.8125
2.520833333
3.333333333
6.708333333
1.729166667
6.625
2
2.666666667
5.666666667
17.875
2.479166667
3.104166667
5.1875
3.541666667
3.5625
4.145833333
4.375
5.916666667
12.52083333
11.375
8.916666667
3.734693878
1.090909091
3.538461538
2.4
0.928571429
2
1.461538462
1.75
2.615384615
2.923076923
4
1.4
1.666666667
3.611111111
2.769230769
1.3
0.9
1.1
1
1.692307692
0.9
1.421052632
1.2
2.076923077
1.2
1.375
16.92857143
1
1.5
1.6
1.423076923
2.045454545
1.916666667
1.333333333
1.75
1.380952381
1.071428571
1.071428571
1.4
1
1
1.7
1.5
1.6875
2.533333333
5.5
1.75
1.868421053
1.117647059
1.5
1.272727273
1.68
0.923076923
0.941176471
4.821428571
1.470588235
1.583333333
3.590909091
0.916666667
1.3
1.611111111
1.25
1.6
1.6
5.862068966
1.181818182
1.333333333
0.928571429
1.5
1.181818182
4.137931034
1.7
0.923076923
0.9375
2.611111111
1.466666667
1.052631579
1
2
1.941176471
1.1
1.1875
0.916666667
1.05
2.314285714
1.692307692
3.5
0.9
0.9
1.230769231
1.083333333
0.909090909
0.9375
1.058823529
2.272727273
0.9
1
0.9
0.9
0.9
1.966666667
1.166666667
1.62962963
1.888888889
1
1.166666667
1.857142857
1
0.941176471
0.916666667
4.055555556
4
0.909090909
0.9
3.704545455
0.909090909
1.125
2.111111111
1.5625
1.4
1.375
0.944444444
0.928571429
2.666666667
0.9
1.555555556
0.916666667
0.923076923
2.041666667
1.619047619
0.923076923
0.916666667
0.928571429
