0.045767419
0.019558444
0.069752066
0.162
0.084910763
0.105902778
0.098388672
0.096020761
0.126530612
0.102914932
0.117360736
0.100591716
0.123829344
0.067046308
0.053737854
0.076991677
0.094695621
0.095206612
0.041149413
0.10301769
0.12723608
0.131388889
0.155895692
0.151875
0.15625
0.120330579
0.147271532
0.120242215
0.081618656
0.109809028
0.096423721
0.1211995
0.105826397
0.085925926
0.092203631
0.092825444
0.175803403
0.16691358
0.192901235
0.186264308
0.15654321
0.159288194
0.172428155
0.218522373
0.154444444
0.229375
0.217630854
0.126111111
0.160430839
0.1640625
0.159607438
0.1398823
0.131688466
0.165680473
0.191919192
0.155006859
0.1028
0.146814404
0.143494898
0.136228435
0.152514873
0.17733564
0.249817385
0.173777315
0.124964091
0.138
0.101818182
0.1248
0.134615385
0.110803324
0.134548611
0.1189768
0.235371466
0.226122449
