4.164835165
5.065637066
3.836363636
8.1
3.651162791
5.083333333
6.296875
3.264705882
4.428571429
4.219512195
5.046511628
5.230769231
3.838709677
32.45041322
13.2195122
4.465517241
5.018867925
5.236363636
14.07309942
3.193548387
8.015873016
7.883333333
6.547619048
6.075
7.5
6.618181818
5.743589744
4.088235294
4.407407407
5.270833333
4.531914894
5.93877551
6.137931034
3.866666667
4.886792453
4.826923077
8.086956522
7.511111111
6.944444444
5.774193548
7.044444444
7.645833333
8.448979592
6.774193548
4.633333333
9.175
7.181818182
7.566666667
6.738095238
7.875
7.022727273
6.574468085
7.637931034
6.461538462
6.333333333
8.37037037
5.14
8.368421053
8.035714286
5.585365854
6.558139535
6.029411765
9.243243243
5.387096774
7.372881356
6.9
5.6
6.24
7
4.210526316
6.458333333
4.87804878
9.179487179
7.914285714
