0.554324864
214.3250573
0.004382514
0.005480857
0.007721816
0.060188295
0.013102161
0.012765823
0.002086802
0.01179849
0.012196235
0.006769967
0.014481873
173.7559369
19.65485488
0.111959378
0.122516541
0.11804044
13.65677629
0.190304951
0.001546154
0.00124671
0.000918966
0.00120074
0.000916086
0.00230857
0.000398634
0.003873889
0.003341218
0.000538945
0.012463893
0.000588154
0.002068387
0.010427564
0.006594243
0.000228055
0.0002986
0.000477739
0.000243365
0.000227284
0.000350224
0.000638572
0.001874608
0.002691574
0.000631251
0.00308388
0.003223213
0.002448769
0.000108241
0.00147923
0.000709602
0.000992139
0.000663578
0.000743498
0.002023056
0.00098253
0.001268316
0.000298664
0.000501815
0.000425957
0.000867214
7.29E-06
7.11E-06
0.001214073
0.000821122
0.004763942
0.002302942
0.001467186
0.001008847
0.001967183
0.000861287
6.84E-05
1.06E-05
1.52E-05
